# Wavelength (nm)	Intensity (normalized)
441.5203	0.011109
441.7764	0.012155
442.0325	0.013288
442.2886	0.014513
442.5447	0.015836
442.8007	0.017265
443.0568	0.018805
443.3129	0.020464
443.5690	0.022249
443.8250	0.024167
444.0811	0.026228
444.3372	0.028438
444.5933	0.030807
444.8493	0.033342
445.1054	0.036053
445.3615	0.038950
445.6176	0.042040
445.8737	0.045335
446.1297	0.048844
446.3858	0.052576
446.6419	0.056542
446.8980	0.060752
447.1540	0.065216
447.4101	0.069945
447.6662	0.074948
447.9223	0.080236
448.1783	0.085820
448.4344	0.091708
448.6905	0.097911
448.9466	0.104439
449.2027	0.111301
449.4587	0.118507
449.7148	0.126063
449.9709	0.133980
450.2270	0.142265
450.4830	0.150925
450.7391	0.159966
450.9952	0.169395
451.2513	0.179216
451.5073	0.189435
451.7634	0.200055
452.0195	0.211078
452.2756	0.222506
452.5317	0.234339
452.7877	0.246578
453.0438	0.259220
453.2999	0.272262
453.5560	0.285701
453.8120	0.299531
454.0681	0.313745
454.3242	0.328335
454.5803	0.343291
454.8363	0.358602
455.0924	0.374256
455.3485	0.390238
455.6046	0.406533
455.8607	0.423123
456.1167	0.439991
456.3728	0.457115
456.6289	0.474474
456.8850	0.492044
457.1410	0.509802
457.3971	0.527721
457.6532	0.545773
457.9093	0.563929
458.1653	0.582161
458.4214	0.600435
458.6775	0.618721
458.9336	0.636984
459.1897	0.655190
459.4457	0.673304
459.7018	0.691290
459.9579	0.709112
460.2140	0.726733
460.4700	0.744114
460.7261	0.761219
460.9822	0.778010
461.2383	0.794448
461.4943	0.810496
461.7504	0.826118
462.0065	0.841275
462.2626	0.855932
462.5187	0.870053
462.7747	0.883603
463.0308	0.896549
463.2869	0.908859
463.5430	0.920500
463.7990	0.931442
464.0551	0.941659
464.3112	0.951123
464.5673	0.959808
464.8233	0.967693
465.0794	0.974757
465.3355	0.980979
465.5916	0.986344
465.8477	0.990838
466.1037	0.994447
466.3598	0.997163
466.6159	0.998978
466.8720	0.999886
467.1280	0.999886
467.3841	0.998978
467.6402	0.997163
467.8963	0.994447
468.1523	0.990838
468.4084	0.986344
468.6645	0.980979
468.9206	0.974757
469.1767	0.967693
469.4327	0.959808
469.6888	0.951123
469.9449	0.941659
470.2010	0.931442
470.4570	0.920500
470.7131	0.908859
470.9692	0.896549
471.2253	0.883603
471.4813	0.870053
471.7374	0.855932
471.9935	0.841275
472.2496	0.826118
472.5057	0.810496
472.7617	0.794448
473.0178	0.778010
473.2739	0.761219
473.5300	0.744114
473.7860	0.726733
474.0421	0.709112
474.2982	0.691290
474.5543	0.673304
474.8103	0.655190
475.0664	0.636984
475.3225	0.618721
475.5786	0.600435
475.8347	0.582161
476.0907	0.563929
476.3468	0.545773
476.6029	0.527721
476.8590	0.509802
477.1150	0.492044
477.3711	0.474474
477.6272	0.457115
477.8833	0.439991
478.1393	0.423123
478.3954	0.406533
478.6515	0.390238
478.9076	0.374256
479.1637	0.358602
479.4197	0.343291
479.6758	0.328335
479.9319	0.313745
480.1880	0.299531
480.4440	0.285701
480.7001	0.272262
480.9562	0.259220
481.2123	0.246578
481.4683	0.234339
481.7244	0.222506
481.9805	0.211078
482.2366	0.200055
482.4927	0.189435
482.7487	0.179216
483.0048	0.169395
483.2609	0.159966
483.5170	0.150925
483.7730	0.142265
484.0291	0.133980
484.2852	0.126063
484.5413	0.118507
484.7973	0.111301
485.0534	0.104439
485.3095	0.097911
485.5656	0.091708
485.8217	0.085820
486.0777	0.080236
486.3338	0.074948
486.5899	0.069945
486.8460	0.065216
487.1020	0.060752
487.3581	0.056542
487.6142	0.052576
487.8703	0.048844
488.1263	0.045335
488.3824	0.042040
488.6385	0.038950
488.8946	0.036053
489.1507	0.033342
489.4067	0.030807
489.6628	0.028438
489.9189	0.026228
490.1750	0.024167
490.4310	0.022249
490.6871	0.020464
490.9432	0.018805
491.1993	0.017265
491.4553	0.015836
491.7114	0.014513
491.9675	0.013288
492.2236	0.012155
492.4797	0.011109
